        1948        2017
 1948 -99.99 -99.99 -99.99 -99.99 -99.99 -99.99 -99.99 -99.99 -99.99 -99.99 -99.99 -99.99
 1949 -99.99 -99.99 -99.99 -99.99 -99.99 -99.99 -99.99 -99.99 -99.99 -99.99 -99.99 -99.99
 1950  -1.17  -1.37  -1.41  -1.16  -0.94  -0.62  -1.00  -1.23  -1.34  -1.34  -1.28  -1.22
 1951  -0.96  -1.03  -0.46  -0.15   0.20   0.14  -0.09  -0.52  -0.34  -0.27  -0.03  -0.05
 1952   0.03  -0.09  -0.17  -0.01  -0.13  -0.34  -0.59  -0.80  -0.45  -0.61  -0.31  -0.23
 1953  -0.12  -0.18  -0.22  -0.07   0.02   0.24   0.13   0.12  -0.15  -0.06   0.02   0.23
 1954   0.14   0.10  -0.28  -0.40  -0.45  -0.53  -0.83  -1.06  -1.21  -1.29  -0.86  -0.87
 1955  -0.67  -0.78  -0.71  -0.79  -0.67  -0.60  -0.70  -1.02  -0.89  -1.45  -1.77  -1.35
 1956  -1.30  -1.14  -0.95  -0.85  -0.88  -0.75  -0.88  -1.22  -1.25  -0.96  -0.68  -0.49
 1957  -0.33  -0.21  -0.20   0.07   0.16  -0.20  -0.34  -0.03   0.09   0.28   0.32   0.40
 1958   0.78   0.98   0.78   0.46   0.27   0.22   0.02   0.01  -0.06   0.09   0.09   0.29
 1959   0.28   0.20   0.03   0.13  -0.10  -0.42  -0.42  -0.36  -0.39  -0.37  -0.52  -0.47
 1960  -0.69  -0.71  -0.58  -0.50  -0.37  -0.51  -0.63  -0.61  -0.56  -0.40  -0.20  -0.16
 1961  -0.31  -0.26  -0.41  -0.56  -0.50  -0.19  -0.50  -0.62  -0.61  -0.81  -0.56  -0.47
 1962  -0.60  -0.51  -0.34  -0.37  -0.57  -0.45  -0.58  -0.67  -0.67  -0.68  -0.60  -0.67
 1963  -0.66  -0.51  -0.28  -0.25  -0.35  -0.46  -0.22   0.07   0.28   0.37   0.21   0.08
 1964   0.22   0.09  -0.32  -0.31  -0.40  -0.69  -0.89  -1.11  -1.50  -1.39  -1.47  -1.30
 1965  -0.77  -0.49  -0.42  -0.58  -0.23   0.09   0.09   0.28   0.22   0.47   0.50   0.43
 1966   0.40   0.49   0.75   0.21   0.09   0.15   0.17  -0.11  -0.08  -0.11  -0.02  -0.20
 1967  -0.72  -0.79  -0.46  -0.23  -0.22  -0.31  -0.34  -0.45  -0.56  -0.41  -0.35  -0.31
 1968  -0.43  -0.40  -0.38  -0.37  -0.54  -0.08  -0.25  -0.17  -0.18  -0.07   0.33   0.42
 1969   0.76   0.90   0.54   0.33   0.17   0.02  -0.17   0.01   0.23   0.40   0.39   0.23
 1970   0.21   0.33   0.14   0.14   0.04  -0.07  -0.12  -0.54  -0.88  -0.93  -0.89  -1.36
 1971  -1.49  -1.16  -1.08  -1.03  -1.00  -0.88  -1.00  -1.09  -1.27  -1.11  -0.82  -0.61
 1972  -0.54  -0.21  -0.10   0.17   0.27   0.23   0.16   0.02   0.17   0.37   0.56   0.65
 1973   0.66   0.54   0.17  -0.13  -0.44  -0.63  -0.80  -1.02  -1.22  -1.49  -1.70  -1.86
 1974  -1.80  -1.34  -1.07  -1.13  -1.11  -1.01  -0.96  -0.72  -0.95  -1.09  -1.04  -0.99
 1975  -0.60  -0.38  -0.58  -0.71  -0.80  -1.04  -1.23  -1.45  -1.84  -1.89  -1.80  -1.74
 1976  -1.42  -1.00  -0.77  -0.53  -0.56  -0.56  -0.49  -0.35  -0.31   0.13   0.15  -0.14
 1977  -0.06  -0.08  -0.10   0.00  -0.13  -0.02   0.17   0.10   0.25   0.24   0.30   0.42
 1978   0.35   0.18  -0.13  -0.43  -0.20  -0.36  -0.48  -0.59  -0.49  -0.53  -0.32  -0.15
 1979   0.03   0.01  -0.05  -0.07  -0.13  -0.15  -0.18  -0.28  -0.12  -0.05   0.21   0.17
 1980   0.28   0.31   0.17   0.20   0.28   0.21   0.12  -0.21  -0.21  -0.02  -0.02  -0.07
 1981  -0.19  -0.25  -0.23  -0.38  -0.45  -0.45  -0.55  -0.61  -0.43  -0.28  -0.19  -0.12
 1982  -0.06  -0.07   0.12   0.36   0.41   0.47   0.17   0.13   0.27   0.56   0.52   0.52
 1983   0.40   0.41   0.26   0.13   0.21   0.06  -0.16  -0.31  -0.57  -0.73  -0.76  -0.69
 1984  -0.66  -0.53  -0.65  -0.68  -0.64  -0.56  -0.51  -0.53  -0.39  -0.56  -0.75  -0.75
 1985  -0.52  -0.59  -0.74  -0.78  -0.79  -0.79  -0.45  -0.40  -0.46  -0.26  -0.20  -0.09
 1986  -0.15  -0.17  -0.13  -0.24  -0.15  -0.05   0.02   0.24   0.31   0.36   0.49   0.39
 1987   0.31   0.52   0.53   0.39   0.41   0.60   0.56   0.57   0.74   0.82   0.88   0.80
 1988   0.65   0.47   0.19  -0.15  -0.48  -0.69  -0.76  -0.52  -0.72  -1.46  -1.55  -1.52
 1989  -1.54  -1.30  -0.97  -0.75  -0.53  -0.74  -0.65  -0.61  -0.41  -0.36  -0.41  -0.03
 1990   0.20   0.40   0.36   0.20   0.07   0.08   0.23   0.32   0.28   0.43   0.46   0.55
 1991   0.57   0.53   0.40   0.45   0.53   0.50   0.57   0.54   0.45   0.71   0.72   0.76
 1992   0.63   0.82   0.63   0.56   0.45   0.36   0.41   0.29   0.13   0.05   0.09   0.24
 1993   0.41   0.22   0.18   0.21   0.19   0.23   0.22   0.19   0.29   0.06   0.22   0.25
 1994   0.21   0.04   0.20   0.25   0.29   0.38   0.58   0.76   0.58   0.70   0.84   0.93
 1995   0.78   0.81   0.75   0.55   0.48   0.26   0.13  -0.07  -0.26  -0.29  -0.39  -0.41
 1996  -0.38  -0.39  -0.28  -0.32  -0.27  -0.19  -0.24  -0.14  -0.24  -0.21  -0.12  -0.04
 1997   0.06   0.25   0.32   0.73   0.62   0.46   0.61   0.59   0.68   0.65   0.73   0.66
 1998   0.64   0.66   0.33   0.00   0.01  -0.26  -0.42  -0.67  -0.69  -1.07  -1.20  -1.34
 1999  -1.46  -1.34  -1.02  -0.82  -0.69  -0.70  -0.83  -0.80  -0.73  -0.73  -0.99  -1.15
 2000  -1.11  -1.22  -1.24  -1.06  -0.89  -0.64  -0.46  -0.47  -0.41  -0.50  -0.62  -0.78
 2001  -0.81  -0.68  -0.50  -0.33  -0.18   0.11   0.28   0.29   0.37   0.34   0.22   0.13
 2002   0.40   0.50   0.38   0.56   0.73   0.73   0.77   0.71   0.65   0.74   0.96   0.89
 2003   0.62   0.68   0.64   0.48   0.15   0.29   0.33   0.32   0.35   0.52   0.54   0.53
 2004   0.50   0.46   0.25   0.18   0.26   0.33   0.49   0.60   0.75   0.81   0.86   0.93
 2005   0.93   0.74   0.68   0.49   0.36   0.29   0.05   0.17   0.22   0.24  -0.01  -0.22
 2006  -0.41  -0.56  -0.43  -0.16   0.07   0.31   0.36   0.49   0.65   0.70   0.88   0.89
 2007   0.69   0.56   0.49   0.29   0.15   0.11   0.04  -0.11  -0.41  -0.54  -0.71  -0.77
 2008  -1.07  -1.26  -1.02  -0.83  -0.79  -0.78  -0.69  -0.58  -0.54  -0.46  -0.54  -0.62
 2009  -0.70  -0.58  -0.34  -0.03   0.12   0.34   0.41   0.57   0.72   1.00   1.17   1.15
 2010   1.05   0.87   0.82   0.71   0.34  -0.04  -0.50  -0.98  -1.18  -1.23  -1.16  -1.10
 2011  -1.03  -0.66  -0.38  -0.33  -0.26  -0.21  -0.25  -0.45  -0.70  -0.67  -0.74  -0.80
 2012  -0.75  -0.54  -0.47  -0.35  -0.25  -0.08  -0.04   0.12   0.33   0.42   0.41   0.15
 2013   0.10  -0.09  -0.36  -0.18  -0.19  -0.06  -0.13   0.00   0.02   0.07  -0.03  -0.04
 2014  -0.20   0.03   0.12   0.32   0.28   0.16   0.20   0.34   0.45   0.50   0.66   0.75
 2015   0.75   0.79   0.84   1.03   0.95   0.87   0.74   0.81   0.85   0.96   1.29   1.30
 2016   1.12   1.20   1.10   0.86   0.62   0.45   0.17  -0.06  -0.26  -0.30  -0.23  -0.12
 2017  -0.23  -0.19   0.05   0.20   0.33   0.32   0.20 -99.99 -99.99 -99.99 -99.99 -99.99
   -99.99
  Nino 4 Anom Index  using ersstv4 from CPC
 https://www.esrl.noaa.gov/psd/data/climateindices/list/for info
