        1948        2017
 1948 -99.99 -99.99 -99.99 -99.99 -99.99 -99.99 -99.99 -99.99 -99.99 -99.99 -99.99 -99.99
 1949 -99.99 -99.99 -99.99 -99.99 -99.99 -99.99 -99.99 -99.99 -99.99 -99.99 -99.99 -99.99
 1950  23.84  25.06  26.53  26.64  25.87  25.63  25.01  24.52  24.17  24.41  24.21  24.36
 1951  24.96  25.81  27.04  27.43  27.15  26.62  26.56  25.86  25.73  25.73  25.99  25.84
 1952  25.96  26.49  27.29  27.59  27.15  26.11  25.23  24.63  24.46  24.58  24.35  24.82
 1953  25.79  26.77  27.52  27.83  27.46  26.90  25.96  25.26  25.37  25.24  25.20  25.45
 1954  25.63  26.35  26.82  26.08  25.86  25.35  24.66  23.86  23.56  23.73  24.04  24.00
 1955  24.96  25.78  26.39  26.45  25.74  25.32  24.76  23.99  23.55  22.83  22.98  23.33
 1956  24.82  25.93  26.80  26.88  26.79  26.10  25.10  24.36  24.15  24.07  24.02  24.18
 1957  24.93  26.11  27.39  27.84  27.78  27.34  27.00  26.18  25.67  25.67  26.18  26.55
 1958  26.91  27.36  27.68  27.78  27.35  26.71  25.75  25.09  24.71  24.80  25.16  24.98
 1959  25.59  26.34  26.95  27.46  26.86  26.12  24.99  24.42  24.31  24.59  24.59  24.79
 1960  25.41  26.02  26.91  27.29  26.79  25.92  25.36  24.98  24.72  24.28  24.39  24.61
 1961  25.15  26.24  26.85  27.45  27.08  26.42  25.05  24.27  23.74  23.88  24.43  24.70
 1962  25.25  26.03  26.57  26.67  26.33  25.84  25.17  24.73  24.20  24.27  24.13  24.21
 1963  24.93  25.81  26.92  27.52  27.02  26.66  26.28  25.70  25.42  25.50  25.67  25.96
 1964  26.01  26.34  26.73  26.39  25.69  25.19  24.75  23.70  23.93  23.94  24.05  23.86
 1965  24.76  25.94  26.94  27.49  27.56  27.12  26.48  26.09  25.92  26.13  26.31  26.42
 1966  26.59  26.82  27.21  27.41  26.40  26.01  25.37  24.52  24.21  24.41  24.32  24.29
 1967  25.08  26.09  26.43  26.58  26.75  26.40  25.28  24.31  23.72  23.81  23.97  24.13
 1968  24.37  24.93  25.85  26.63  26.25  26.36  25.96  25.26  24.96  25.05  25.25  25.71
 1969  26.16  26.79  27.53  27.84  27.83  26.96  25.84  25.45  25.43  25.61  25.71  25.95
 1970  26.19  26.56  26.94  27.25  26.54  25.40  24.04  23.46  23.75  23.72  23.76  24.02
 1971  24.22  24.92  26.00  26.61  26.28  25.49  24.81  24.01  24.04  23.77  23.97  23.87
 1972  24.99  25.93  26.94  27.58  27.47  27.16  26.97  26.71  26.34  26.73  27.01  27.32
 1973  27.27  27.22  27.39  26.95  26.19  25.48  24.35  23.72  23.52  23.40  23.45  23.65
 1974  24.10  25.23  26.30  26.86  26.49  25.88  25.32  24.87  24.46  24.16  24.21  24.40
 1975  25.25  25.68  26.37  27.02  26.33  25.37  24.76  24.17  23.72  23.55  23.73  23.56
 1976  23.94  25.32  26.55  26.92  26.91  26.83  26.15  25.80  25.64  25.88  25.83  25.84
 1977  26.47  26.94  27.49  27.06  27.02  26.53  25.59  24.76  24.89  25.24  25.31  25.55
 1978  25.87  26.45  26.87  26.77  26.30  25.77  25.07  24.25  24.30  24.64  24.88  25.25
 1979  25.39  26.17  27.27  27.76  27.34  26.63  25.66  25.30  25.60  25.50  25.64  25.73
 1980  26.18  26.57  27.12  27.51  27.31  26.83  25.71  24.98  24.88  24.69  25.07  25.34
 1981  25.17  25.71  26.72  27.16  26.83  26.32  25.37  24.57  24.79  24.90  24.85  25.31
 1982  26.00  26.51  27.24  27.72  27.74  27.23  26.29  26.08  26.71  27.21  27.54  28.04
 1983  28.47  28.63  28.85  29.09  28.95  28.13  26.76  26.00  25.30  24.73  24.42  24.73
 1984  25.31  26.46  27.12  27.23  26.49  25.65  25.19  24.84  24.68  24.43  24.25  24.18
 1985  24.65  25.76  26.50  26.67  26.40  25.78  24.91  24.38  24.20  24.34  24.51  24.62
 1986  24.92  26.02  26.99  27.32  26.73  26.25  25.73  25.29  25.26  25.51  25.83  26.09
 1987  26.70  27.54  28.33  28.50  28.14  27.52  26.98  26.62  26.61  26.26  26.20  26.34
 1988  26.51  26.60  27.24  27.19  26.13  24.89  24.03  23.80  24.01  23.63  23.66  23.85
 1989  24.43  25.58  26.31  26.80  26.58  26.40  25.44  24.84  24.76  24.69  24.67  24.95
 1990  25.49  26.52  26.98  27.53  27.44  26.67  25.90  25.30  25.16  24.99  25.02  25.28
 1991  25.84  26.44  27.11  27.65  27.57  27.28  26.66  25.82  25.36  25.69  26.08  26.46
 1992  26.98  27.57  28.16  28.67  28.39  27.29  25.91  25.22  24.99  24.88  24.92  25.16
 1993  25.70  26.87  27.64  28.43  28.31  27.12  26.08  25.36  25.25  25.28  25.23  25.44
 1994  25.96  26.46  26.98  27.38  27.27  26.62  25.65  25.03  24.97  25.54  25.98  26.16
 1995  26.52  26.92  27.23  27.33  26.81  26.36  25.50  24.46  24.11  24.22  24.23  24.42
 1996  25.03  25.85  26.86  27.00  26.71  26.05  25.39  24.89  24.62  24.58  24.65  24.43
 1997  24.97  25.83  26.91  27.53  27.90  28.02  27.74  27.59  27.65  28.01  28.29  28.44
 1998  28.67  28.82  29.15  29.24  28.68  27.11  25.71  24.76  24.24  24.36  24.59  24.45
 1999  24.74  25.81  26.88  26.95  26.58  25.81  25.11  24.44  24.07  23.89  23.80  23.90
 2000  24.23  25.51  26.81  27.41  26.89  26.06  25.23  24.68  24.64  24.62  24.57  24.78
 2001  25.40  26.31  27.32  27.54  27.22  26.50  25.69  24.99  24.51  24.64  24.51  24.70
 2002  25.25  26.19  27.35  27.67  27.59  27.27  26.35  25.76  25.82  25.98  26.35  26.45
 2003  26.43  26.95  27.50  27.26  26.59  26.30  26.05  25.46  25.16  25.46  25.83  26.04
 2004  26.20  26.84  27.45  27.69  27.07  26.54  25.98  25.47  25.41  25.57  25.78  26.01
 2005  26.18  26.57  27.44  27.86  27.65  26.89  26.03  25.42  24.96  24.87  24.30  24.32
 2006  25.03  26.38  27.06  27.44  27.35  26.73  25.87  25.62  25.85  26.05  26.33  26.50
 2007  26.65  26.66  27.07  27.23  26.67  26.11  25.21  24.31  24.01  24.00  23.99  24.11
 2008  24.55  25.51  26.69  27.28  27.09  26.51  26.04  25.61  25.34  25.29  25.14  24.92
 2009  25.32  26.17  26.90  27.60  27.63  27.23  26.52  26.00  25.77  25.84  26.15  26.36
 2010  26.64  27.32  27.87  28.03  27.35  26.22  25.12  24.34  24.02  24.03  24.04  24.30
 2011  24.66  25.86  26.71  27.42  27.06  26.65  25.74  24.91  24.50  24.23  24.32  24.61
 2012  25.38  26.41  27.29  27.68  27.39  26.89  26.34  25.71  25.57  25.33  25.28  24.90
 2013  25.11  26.03  27.08  27.43  26.88  26.01  25.35  24.76  24.75  24.97  25.06  25.26
 2014  25.43  25.98  27.09  27.65  27.67  27.11  26.30  25.41  25.36  25.72  26.03  26.07
 2015  26.25  26.67  27.51  28.23  28.19  27.87  27.40  27.06  27.12  27.37  27.72  27.83
 2016  28.13  28.38  28.68  28.62  27.80  26.80  25.60  24.84  24.81  24.64  24.72  24.92
 2017  25.72  26.69  27.77  28.28  27.76  26.71  25.86 -99.99 -99.99 -99.99 -99.99 -99.99
   -99.99
  Nino 3 Index  using ersstv4 from CPC
 https://www.esrl.noaa.gov/psd/data/climateindices/list/for info
