        1948        2017
 1948 -99.99 -99.99 -99.99 -99.99 -99.99 -99.99 -99.99 -99.99 -99.99 -99.99 -99.99 -99.99
 1949 -99.99 -99.99 -99.99 -99.99 -99.99 -99.99 -99.99 -99.99 -99.99 -99.99 -99.99 -99.99
 1950  24.91  25.26  26.08  26.38  26.25  26.59  26.40  25.90  25.73  25.86  25.71  25.43
 1951  25.40  25.78  27.02  27.63  27.99  27.51  27.58  27.07  27.28  27.12  27.13  26.90
 1952  26.76  26.86  27.36  28.02  28.16  27.48  26.93  26.48  26.53  26.56  26.40  26.57
 1953  26.95  27.25  27.64  28.22  28.34  28.18  27.61  27.13  27.12  27.15  27.00  27.08
 1954  26.99  27.11  27.04  26.89  27.12  27.04  26.44  25.74  25.52  25.69  25.94  25.70
 1955  25.88  25.92  26.40  26.70  26.97  26.82  26.44  25.88  25.64  24.69  24.52  24.81
 1956  25.69  26.12  26.62  26.82  27.35  27.08  26.51  25.93  25.99  25.88  25.80  25.91
 1957  26.09  26.53  27.43  28.14  28.42  28.28  28.14  27.71  27.43  27.39  27.74  27.87
 1958  28.23  28.25  28.21  28.27  28.33  28.16  27.37  26.85  26.64  26.79  27.05  26.85
 1959  27.05  27.22  27.43  27.85  27.74  27.35  26.56  26.27  26.10  26.31  26.22  26.30
 1960  26.32  26.40  26.95  27.62  27.66  27.21  26.86  26.78  26.48  26.31  26.44  26.27
 1961  26.35  26.51  26.90  27.36  27.72  27.72  27.08  26.29  25.96  25.87  26.15  26.15
 1962  26.15  26.28  26.81  27.22  27.20  27.19  26.87  26.40  26.01  26.11  25.87  25.82
 1963  25.94  26.31  27.15  27.76  27.59  27.62  27.78  27.48  27.44  27.46  27.43  27.56
 1964  27.33  27.21  27.05  27.05  27.01  26.67  26.28  25.73  25.51  25.54  25.43  25.42
 1965  25.78  26.33  26.98  27.49  27.97  28.09  27.94  27.88  27.92  28.14  28.06  27.90
 1966  27.66  27.53  28.10  28.14  27.66  27.75  27.27  26.57  26.45  26.41  26.39  26.16
 1967  26.05  26.22  26.51  26.84  27.43  27.57  27.01  26.49  25.97  26.08  26.15  25.98
 1968  25.73  25.70  26.27  27.08  27.31  27.91  27.56  26.98  26.75  26.73  27.20  27.20
 1969  27.40  27.75  27.87  28.20  28.31  27.90  27.26  27.16  27.23  27.40  27.21  27.15
 1970  26.99  27.12  27.38  27.89  27.77  27.15  26.40  25.70  25.71  25.61  25.62  25.38
 1971  24.96  25.34  26.04  26.69  27.05  26.66  26.31  25.97  25.84  25.67  25.80  25.52
 1972  25.77  26.33  27.13  27.89  28.28  28.22  28.15  27.98  27.98  28.35  28.58  28.56
 1973  28.20  27.92  27.70  27.54  27.16  26.78  25.99  25.52  25.20  24.89  24.52  24.57
 1974  24.71  25.22  25.94  26.64  26.78  26.64  26.47  26.41  26.25  25.92  25.78  25.81
 1975  26.21  26.17  26.38  27.02  27.06  26.48  26.15  25.54  25.24  25.06  25.19  24.87
 1976  24.78  25.57  26.58  27.06  27.34  27.37  27.16  26.96  27.03  27.50  27.39  27.26
 1977  27.37  27.22  27.56  27.64  27.95  27.93  27.51  26.91  27.08  27.32  27.28  27.36
 1978  27.24  27.13  27.19  27.21  27.41  27.15  26.77  26.17  26.12  26.30  26.42  26.57
 1979  26.48  26.59  27.41  27.93  27.88  27.59  27.05  26.85  27.14  26.92  27.10  27.18
 1980  27.15  27.10  27.38  27.86  28.15  28.04  27.47  26.74  26.63  26.57  26.69  26.81
 1981  26.39  26.28  26.80  27.42  27.52  27.42  26.79  26.45  26.57  26.53  26.45  26.56
 1982  26.84  26.69  27.52  28.13  28.46  28.33  27.76  27.67  28.23  28.67  28.68  28.87
 1983  28.82  28.68  28.72  28.83  28.89  28.33  27.25  26.76  26.42  25.89  25.74  25.87
 1984  26.08  26.72  26.98  27.30  27.42  27.07  26.96  26.68  26.47  26.18  25.64  25.45
 1985  25.67  26.23  26.65  26.85  27.11  26.97  26.80  26.45  26.18  26.38  26.49  26.37
 1986  26.12  26.25  27.02  27.63  27.64  27.57  27.27  27.22  27.37  27.56  27.66  27.69
 1987  27.74  27.97  28.47  28.66  28.60  28.61  28.54  28.42  28.38  28.07  27.86  27.63
 1988  27.50  27.11  27.40  27.53  26.96  26.27  25.75  25.73  25.80  25.01  24.84  24.88
 1989  24.81  25.43  26.20  26.79  27.19  27.21  26.86  26.47  26.50  26.41  26.32  26.61
 1990  26.68  27.00  27.37  27.89  28.05  27.72  27.51  27.12  27.03  27.08  26.89  27.04
 1991  27.12  27.18  27.44  28.13  28.29  28.27  28.09  27.72  27.35  27.71  27.98  28.29
 1992  28.40  28.52  28.65  29.04  29.00  28.51  27.76  27.10  26.86  26.67  26.68  26.75
 1993  26.87  27.24  27.78  28.62  28.87  28.28  27.59  27.03  27.19  27.03  26.89  26.93
 1994  26.86  27.00  27.49  28.17  28.36  28.08  27.64  27.44  27.13  27.44  27.87  27.94
 1995  27.68  27.58  27.80  28.17  28.00  27.77  27.20  26.50  26.11  25.96  25.79  25.82
 1996  25.87  26.07  26.76  27.52  27.75  27.54  27.10  26.79  26.50  26.48  26.42  26.15
 1997  26.16  26.49  27.03  28.01  28.52  28.82  28.75  28.70  28.85  29.08  29.11  28.96
 1998  28.93  28.77  28.68  28.72  28.63  27.57  26.55  25.82  25.72  25.55  25.57  25.20
 1999  25.13  25.64  26.51  26.97  27.05  26.70  26.36  25.85  25.88  25.70  25.34  25.12
 2000  25.00  25.42  26.35  27.01  27.22  27.07  26.75  26.43  26.34  26.08  26.02  25.88
 2001  25.98  26.31  26.96  27.46  27.75  27.66  27.38  26.88  26.71  26.70  26.50  26.28
 2002  26.55  26.85  27.40  27.97  28.35  28.50  28.09  27.82  27.86  28.01  28.14  28.01
 2003  27.44  27.55  27.79  27.83  27.57  27.65  27.57  27.18  27.10  27.26  27.20  27.10
 2004  26.95  27.06  27.45  28.00  28.13  27.93  27.90  27.70  27.65  27.57  27.49  27.46
 2005  27.39  27.33  27.89  28.24  28.41  27.96  27.22  27.02  26.90  26.81  26.34  26.01
 2006  25.91  26.32  26.83  27.67  27.96  27.85  27.42  27.30  27.45  27.53  27.79  27.81
 2007  27.44  27.09  27.37  27.70  27.71  27.58  27.00  26.45  26.01  25.74  25.58  25.49
 2008  25.21  25.41  26.27  26.99  27.25  27.20  27.05  26.80  26.63  26.54  26.42  25.98
 2009  25.80  26.18  26.96  27.78  28.16  28.15  27.86  27.51  27.50  27.76  28.11  28.15
 2010  27.97  28.00  28.24  28.35  27.97  27.28  26.52  25.80  25.45  25.46  25.46  25.37
 2011  25.24  25.82  26.59  27.29  27.62  27.60  27.10  26.44  26.08  25.97  25.86  25.87
 2012  25.93  26.28  26.92  27.40  27.64  27.63  27.46  27.25  27.37  27.28  27.10  26.45
 2013  26.15  26.39  26.96  27.70  27.83  27.49  27.10  26.79  26.71  26.67  26.63  26.52
 2014  26.12  26.16  26.89  27.71  28.01  27.68  27.28  26.90  27.03  27.25  27.52  27.40
 2015  27.21  27.23  27.77  28.58  28.82  28.70  28.50  28.47  28.62  28.87  29.14  29.04
 2016  28.95  28.89  28.85  28.96  28.58  27.80  26.98  26.38  26.19  26.03  25.95  26.07
 2017  26.24  26.62  27.49  28.31  28.55  27.97  27.41 -99.99 -99.99 -99.99 -99.99 -99.99
   -99.99
  Nino 3.4 Index  using ersstv4 from CPC
 https://www.esrl.noaa.gov/psd/data/climateindices/list/for info
